6
74917 4157
4025 10892
67180 23418
74406 58792
56565 65828
55038 55058
57415 35960
63975 26398
71207 69256
63539 39960
7024 48758
18502 62496
66338 54526
38216 74706
36424 48804
67637 30594
50214 13298
48478 18888
57660 53300
45253 29374
9367 45338
52457 70244
12773 2704
25251 3758
71721 10144
64501 10082
34507 40254
4091 14022
3063 71294
49088 66416
3069 32012
61496 67696
1522 44230
41070 53608
7329 73982
39454 31104
55713 31038
55948 72986
22192 54362
26533 58942
70125 69242
36564 53606
57185 44866
71182 45130
61357 4722
63039 23382
57124 11396
43073 46718
9638 70810
31607 30282
24587 40092
45433 51426
59199 40060
33148 22932
61411 54850
16193 24042
43505 5402
22483 10828
59468 74564
22918 52894
10360 29730
67280 3014
52928 26928
2803 30162
60185 4092
49163 53656
5612 57650
52327 49634
69099 37532
50635 24276
72583 2452
20099 54902
29859 24456
58371 26190
48658 69458
43340 36390
42904 512
44245 51424
35573 39460
73590 43962
12152 56186
71917 49160
73595 36422
60761 58828
38718 29678
19959 48368
45823 48346
274 68732
26244 24184
52663 64818
72974 16340
7170 16020
12658 17428
69714 12970
73043 11650
34766 44938
65222 50818
71406 45556
74532 26300
61713 58516
31706 44134
16169 55510
9263 66780
69705 42278
63279 2952
48493 45334
6123 71920
32002 71722
48597 22622
62989 17630
5647 5068
38066 66470
28202 40856
30965 12428
42272 40522
62414 42522
12844 5554
32754 24498
32367 14234
40555 10320
7741 222
27325 50434
67581 29794
16569 43298
20631 34884
22008 65542
67446 73076
19679 36116
29873 62370
4070 69414
2563 43154
66043 64206
49798 70488
71686 72916
11537 45208
41327 70178
51146 35904
59619 55662
55388 59704
5388 23890
51806 20656
27695 67874
24532 47340
56398 68118
33724 10238
57445 43708
68603 73234
17114 24478
42042 1344
3944 73878
15488 65562
41041 43580
64702 1484
52312 28268
43615 67230
47004 568
35318 62738
25216 70420
40479 9776
26875 25316
38256 12736
41958 15672
35457 44208
10690 20852
72033 69660
59960 5332
24736 6902
26835 25278
24782 45786
7967 28914
74612 61370
53479 35710
21861 7792
22833 32758
51186 72302
19689 59096
12839 27250
16229 47454
46239 22416
62864 64798
38081 12666
37221 72952
53049 51084
56298 69200
36544 40876
71511 67502
2127 39910
17271 24974
58898 26568
47236 36324
9849 42962
59989 7292
35323 68034
67666 40318
45101 22022
50966 40778
42614 18828
23344 50146
5276 8432
53851 65558
16234 22808
29639 63806
31272 41904
71442 23914
68708 42506
40240 48142
71192 28274
34161 63942
4591 6648
57461 25648
34932 22038
4740 5918
58111 43478
57951 36906
61262 11684
4006 24748
68261 73238
39479 71882
15046 16020
60870 47260
24537 64110
40736 15770
51501 14922
45563 74326
23229 59676
59738 28036
45863 66684
45101 460
56720 63360
20871 28826
56819 48302
62544 35228
53509 67476
42303 55658
24966 63820
71025 59154
8111 30606
875 25304
45373 50292
63970 15174
69469 15606
32753 41092
11746 2424
58978 50766
15351 35666
23305 25974
31567 18116
6604 7470
7765 4106
52839 5974
10370 48146
33489 35050
2287 56974
41487 64200
28126 37996
60285 37382
20394 10954
64281 20434
57601 49114
17426 54688
60419 36356
25156 68098
55683 74210
73906 23108
25863 37188
24145 34026
31666 58150
25628 49650
33429 870
48276 71908
23870 16014
9439 51710
28808 39542
34321 12338
39748 55078
39149 7824
43734 1700
10350 53840
28147 73054
53375 49536
3365 8818
59518 68940
56298 24940
65728 23704
8727 63722
5887 41828
19399 23882
28832 65162
45963 35928
46164 54786
21215 31204
33935 3518
12729 73170
16999 60092
28747 43696
31421 25998
34356 62148
49299 39810
9629 54956
25232 37858
33894 66836
36979 42496
49469 54718
42488 73616
4340 66456
61748 6444
22949 31150
67716 9358
53164 37558
37500 66358
39127 54950
43869 68658
39134 25362
16663 33044
7775 66896
4365 50006
40856 12686
53120 36548
35567 17012
34937 9594
26448 18068
42999 69586
28581 67664
50671 5996
72247 52122
52428 14150
4030 50038
39494 53544
41297 73170
19168 23392
65808 19224
34742 39368
56344 2830
33739 53244
20610 41308
70070 29010
55829 47812
40424 63602
10741 64610
48708 47640
25873 72280
50841 41756
55637 10446
45602 64554
35312 51044
18722 64996
9783 66922
68593 46202
26660 69798
57621 25958
10199 36454
73015 33622
64407 72686
33330 48376
27229 23828
60575 45968
50020 30894
30280 14704
5096 55032
33114 61582
66198 9658
1256 70892
10489 11966
71086 55672
63064 73728
36298 2662
58312 34400
41216 38456
3470 56542
67020 9092
58421 10864
17860 62634
21601 18054
61742 43272
74297 41246
41537 22844
69745 19596
15797 17736
65238 2686
18462 40564
41371 47508
60341 27290
30325 48968
65153 24630
12884 2826
52904 11578
32252 8138
7880 57726
31592 29130
74871 41398
66594 43084
33273 25804
10125 31436
55297 49262
39218 40634
27566 31698
22659 19902
43123 35122
54385 29036
905 52826
43188 25584
55116 39952
4717 73042
42297 50868
31075 71140
12974 40622
68832 10202
2102 57626
55628 35694
35913 14006
14270 13036
4877 48768
26650 41086
12498 13886
20604 1458
24206 4238
30915 43938
2032 17652
59468 27252
58983 20860
40539 8408
27110 50014
55622 9944
72048 19430
43876 45456
27356 12170
30154 22162
74261 46610
43935 27054
53821 56144
66740 30100
66444 10396
12583 37884
24600 23928
42537 28878
6468 31480
35802 64552
62427 30638
44772 54474
2168 8940
62312 618
22542 52326
18126 9234
6012 15656
49234 49526
31411 73640
2058 16278
15467 40616
68632 68226
68162 17860
55682 41278
66209 60462
36604 16568
74421 28708
10144 10680
6920 9640
44897 57450
43590 17368
25692 33162
21060 42582
27209 56054
53184 53254
50295 2936
46248 9120
25617 29134
55878 37920
17239 15096
43921 71660
26509 40458
11531 55200
57390 67864
8848 26340
15217 19044
10339 36442
68637 22758
31431 36078
37109 22518
72028 34314
42137 68528
48476 2794
58452 45422
74822 64904
38577 14408
46119 48752
29688 54900
55848 49144
28642 7088
11307 35700
51140 5320
21667 2642
55692 61230
45087 19604
10099 33896
49314 11146
64411 31602
59489 56434
67861 37060
70300 69812
49093 62380
40555 36454
51126 26928
21491 67172
28803 9500
10285 55734
54882 33216
19559 42546
18883 67984
65938 59132
6129 67928
19869 58720
15342 58562
50500 1408
13615 3324
62939 30872
21381 22632
2739 27392
51137 15650
25969 17550
55722 21784
26103 36594
23464 13684
21321 25744
16028 690
29284 72440
35713 2126
35498 74192
71051 36222
65868 66502
35568 39820
5066 5704
44285 12038
53550 35518
28777 20910
29898 37772
16149 65846
66950 64388
19999 31928
71182 46548
11981 71774
20559 62284
18576 60528
61266 19840
71086 47914
19269 58078
19689 64254
2562 53398
25092 72608
25683 63658
39249 15990
24962 45052
57020 50518
5152 34564
62929 24700
33273 18702
9613 31440
68812 20294
68201 33318
6163 61728
42848 30192
31406 52518
50470 39684
19955 52476
61842 48846
52218 49780
15887 18022
60346 540
9418 47446
10520 2466
64782 64794
38942 45466
57892 41494
46924 71052
23881 65718
73659 26754
70195 68248
24841 50174
18311 22744
11401 32766
66253 45270
52554 8412
23505 28842
39117 43636
50195 35230
42499 50522
51746 45602
49384 45026
3924 42046
58838 27090
72853 13424
36559 51720
29943 49518
67505 74226
17315 50266
35177 27068
1320 9856
11776 34804
74786 22222
38201 29808
4505 34896
51302 57732
26058 55704
32412 54672
66484 19888
59374 20436
6093 37444
25256 74084
20741 1564
8883 5074
21996 47838
57640 72656
17891 29204
11320 74510
24166 13030
52549 45254
63991 50844
3395 842
28282 14292
46700 36
34001 20104
11110 57612
20449 23530
44330 16094
3519 28422
68583 64144
66330 69580
67305 61442
74897 43136
58417 5472
43775 12104
70470 13536
63003 59238
12478 64468
54726 44258
68532 2024
45853 22834
42713 15128
59299 46864
21566 48910
6439 71828
32958 70122
49164 3228
37550 40900
37890 14216
1230 42152
62218 61614
29378 69262
49644 6848
58668 50514
16089 17178
18532 24914
55096 47984
43684 18578
24250 55706
33123 64016
5222 36864
69259 12856
13670 39076
40279 50210
35608 52144
9027 74194
48292 1640
14646 36070
27656 13022
37932 30904
67711 71730
25076 45720
66063 1134
72928 65046
24757 37910
18987 54726
37226 2692
35418 67626
28502 50948
71016 36922
2592 9718
27035 11066
11401 16034
35267 3534
39213 44572
5281 30
46489 33126
20574 47432
41006 4410
32147 65572
48406 5746
72283 24586
7685 13322
27059 6972
66345 35942
43725 9452
12218 13926
71347 60796
4871 47096
33799 40260
27930 72870
23899 7564
54266 73104
5712 3244
58427 54096
66950 16174
64427 53544
56605 49274
38486 64844
6223 41816
55213 35006
45814 72632
8638 46480
19293 28672
45852 41514
41381 56724
55537 2842
12612 55344
12053 70872
54632 56182
18586 40912
5962 64348
64837 58022
1946 35166
59599 68720
70375 69528
43825 73792
3033 17570
59299 48182
55633 45236
50760 42306
74015 45548
70080 22460
41210 43642
19494 35922
29970 41306
14776 25152
12173 62220
28062 27684
14035 65386
33831 51096
31696 44010
59849 32504
5046 29960
54856 26544
66168 2396
41176 21960
29970 39034
52442 68208
30775 21204
2031 68318
22834 25658
28056 33460
67335 53106
35828 67364
49788 43742
50184 62362
8347 58124
6599 37512
74667 24238
4079 16076
17925 1432
14315 11084
2007 37250
55503 3208
62883 11630
20936 53516
47952 36786
12944 41806
48417 8204
74307 9050
1966 65060
16518 41336
33924 73218
60830 69738
74917 35196
31988 10378
36975 56078
13179 12222
45252 43236
64577 25764
664 59846
67325 35452
58382 9356
29848 26214
24290 14984
4902 62550
69620 44850
31446 64208
20665 52
756 56598
40811 27182
64641 7610
15403 3584
39414 36562
55038 63004
51697 26300
2868 56826
60380 4556
7585 51778
51392 67628
23600 18136
44420 53200
56894 38662
6844 20678
15817 74640
73986 45778
70460 4224
20410 20162
6203 16468
63670 41786
74657 36378
32093 70572
19329 18234
9323 29062
10656 22734
62317 47734
60581 29146
5947 15794
37014 44370
50936 12736
8377 56840
73110 58402
56064 48240
59718 61980
389 59564
27466 64882
16408 5012
48652 40850
62252 60234
57341 12072
12537 42336
49623 35066
759 150
35803 2282
66204 20354
5111 67508
52613 40276
30594 59084
29287 59078
37080 35688
64606 11662
62349 51122
15882 27802
61242 66900
23934 19142
74881 16670
5813 50128
18022 58750
40710 70218
19378 73258
44210 8642
68752 55578
4652 64980
48311 18328
50996 51184
49062 13484
41873 61284
40801 63294
65452 54990
42263 55290
7014 56778
1797 74872
17365 66298
13143 25074
54431 10886
37685 71704
54582 3256
24571 59570
701 32710
28447 41178
10040 43478
29528 35418
676 24004
29062 72470
2878 27022
25752 17508
45106 18406
12639 12598
36439 66032
66299 59626
10405 39332
72453 51562
8852 21218
71202 53540
43384 70118
61766 47518
37000 62108
18232 17200
20574 57580
67556 59868
58938 54176
14025 27246
34926 33580
41332 9304
37144 544
14606 15320
19584 5200
60740 32952
62564 63996
74021 34286
1742 50952
70425 18356
38106 48508
18027 52876
42778 21740
71938 50556
13440 47636
37055 45372
23739 66636
62408 28336
12432 53280
33284 6836
58922 18484
63624 55904
69298 4720
19834 38372
24896 59834
9728 53468
12934 74482
9990 51504
73770 11026
13595 13342
14140 11998
31436 68264
65118 29820
19403 41684
28296 57004
49158 69734
41943 21206
36269 54712
51728 4894
8382 13478
63826 28936
25837 39524
24156 25258
8035 19802
58052 33936
52492 47318
12828 18482
41932 7672
53153 49006
41116 6042
4611 18818
27070 8114
10550 13422
33824 20288
5166 49710
32352 60178
59865 10614
13929 27182
63244 42236
8030 5756
15757 45376
18341 32462
21075 72120
9568 27098
68743 72082
5361 30826
14391 41896
48112 24660
33259 60482
36189 66818
44170 46656
63070 43080
35572 10892
59624 15096
70360 60556
36815 46140
53424 57034
620 14492
67430 67788
68402 68348
12999 7614
55728 23612
64215 64366
9954 24190
26148 48248
28026 15958
38227 32088
17556 43338
29759 57120
54035 68458
48762 43772
7546 54890
51686 3066
64441 42012
23964 12206
19234 25308
36534 48458
74462 48954
19724 8802
3299 61412
66204 15562
63404 6192
13278 34068
19538 30534
68276 11430
27420 64640
5426 34830
31592 57872
47320 16986
11086 11262
1165 40962
70291 43616
63020 62402
59333 68424
39174 45532
11796 18720
71346 43778
7065 47580
9342 11466
6007 35202
53750 20244
30339 57926
45854 15996
43530 4836
2898 61582
59934 33354
34591 59350
33434 6250
21607 16482
59078 28298
69730 72124
67471 6320
55844 29348
53670 30176
64561 42256
36834 52724
19052 28058
22563 64616
25297 37662
15954 57572
43766 19106
26643 17560
18447 5334
71888 18242
74372 24956
10925 65784
53780 68292
3388 21594
21006 25616
12599 69014
72409 54544
54891 29310
21801 38904
69028 55922
56278 44320
32528 33282
66049 16638
70465 44400
70230 22166
65053 63288
7650 60804
37780 38328
35553 56434
14335 12502
64491 2886
8026 9286
4581 23376
54742 59558
37331 45688
55703 22966
19924 59854
539 13688
52278 16040
9624 34676
19563 25558
20389 37452
68772 6706
16744 35522
34196 60418
17905 67130
58467 60158
8778 15766
66424 65340
61923 43314
46454 13166
67080 54702
20239 71408
28387 26834
63930 42966
2623 62256
71062 9112
8858 30906
56274 43902
5001 53740
20861 71878
68246 10904
20886 70566
3569 47132
17080 11590
70249 20550
46650 16608
68477 6950
26919 73604
17430 30406
10459 56710
38943 35532
57641 51580
33856 40432
74257 62518
33919 57036
31661 47210
22824 41140
60456 64136
37260 32496
68502 73846
60254 27036
15807 40984
4161 67880
12963 24324
10761 9088
47091 19710
63394 15962
51046 70580
10580 30664
69619 16472
25637 30876
46634 58910
4776 7562
53764 62772
43203 59450
61771 1520
30184 62138
43289 4904
73400 20254
24826 35760
73950 49480
9788 48542
150 56624
36283 5228
47260 25686
23951 69054
22584 42786
43941 1660
37645 17404
57161 71494
70690 12244
1467 18034
34742 39092
49032 54876
5318 31320
45843 2578
31632 48938
61212 36670
21341 43962
21966 5342
63524 52640
35828 70002
25833 22104
70019 58516
46415 18354
18813 43232
62684 42480
29769 68292
8317 47968
39378 46294
3614 55220
54572 35904
43851 57712
54291 71408
55572 29910
15247 17484
25512 54040
13764 6262
11056 29704
48807 55186
43520 28816
73280 31416
72493 21998
8442 43778
16673 32058
31327 7216
41722 61750
42819 37850
4231 24400
5142 53666
5217 3132
11456 15128
7119 72814
8742 24676
63855 55930
38943 6894
38473 69000
46218 62828
57871 15072
22128 14226
14170 74780
37827 74712
33280 74570
6108 26628
12689 29308
8828 42748
17706 34352
34711 51140
68959 6614
72458 46220
25892 912
37395 71908
63264 33274
72578 48508
6819 70680
14116 15634
65823 61796
72954 59532
20711 15860
13419 47362
52143 12880
6524 51626
74762 65870
24255 6080
59424 38798
48107 49904
69163 30630
50029 14190
56919 34054
63270 72160
32808 20188
1151 23320
60270 64114
21966 22762
8812 38194
72062 18340
2187 68454
30576 1470
40384 42872
6047 53388
43559 53106
69324 24798
34581 34306
1151 36162
69534 66426
6700 39502
68477 4780
8461 44020
72137 1708
67606 48316
61427 55598
43229 33096
5186 63416
33945 61032
62372 9878
9764 34348
46193 33942
56063 68984
33600 58140
53069 59068
34206 18410
52183 44438
71947 72422
19 15278
2988 9596
16875 16680
32768 59902
6224 4596
31893 3776
52683 9092
14336 14294
58026 57682
63334 42184
19449 41910
66580 43848
68822 34068
12092 15508
50490 132
70331 53718
74497 27446
11978 23538
49177 55922
69343 29142
53599 8378
620 73880
58582 58556
38147 48518
47640 10330
49324 15872
25933 3884
27967 32480
3345 31176
32628 37946
8121 46144
30946 60644
49323 63724
4687 22064
4019 53974
43470 55866
63915 38270
41567 44076
24562 33860
21791 3468
15292 45168
74340 33172
18743 74750
72388 28260
14145 49962
11566 61748
12387 30920
50309 59728
50495 35366
45 43154
67826 71432
17495 67490
61827 20410
16234 60858
62282 4018
52192 40168
10916 56582
42542 59426
6378 33856
35612 59828
68358 54758
61006 51976
73494 50488
50735 2202
45668 48900
59764 51426
71586 44638
39758 36782
790 33744
52207 20734
15522 29922
25082 3172
8066 53556
38898 60030
14005 8492
16904 8874
40785 52580
26213 14710
70965 48426
59704 31732
10980 49720
4206 39998
4296 33122
37560 58282
67496 48564
25777 25336
14772 66392
21456 42596
62247 17096
34692 50066
62324 1694
66093 3254
46924 15206
38843 5716
22027 15080
73700 12222
7835 1964
44170 28986
70060 54088
51862 24690
74035 39636
5853 1228
46579 31930
33385 65502
12693 68248
44405 64698
24777 39326
2328 25376
60505 30514
23510 58376
32798 6090
58211 40974
31202 22578
2999 600
44907 37444
24341 16634
1176 58114
19263 63074
34060 13196
3089 23052
68036 10172
71102 72644
15813 18742
34470 42352
53796 41020
36203 42270
62553 22002
19332 37390
59048 68876
30950 50232
70224 33282
7019 64240
37440 15548
69609 26170
50881 34996
71726 36154
6243 9570
55047 8972
70911 48170
61432 29938
70656 28920
28137 44776
4857 50984
17025 55412
23625 43250
37345 21786
3979 56628
31282 13976
20781 36944
46809 67688
26765 9148
54966 9606
48147 63592
73474 32306
10004 32410
6779 7740
23951 21848
61182 64388
40400 62818
51456 530
74882 61798
37396 42212
4525 56148
73485 70102
6850 39796
33814 20212
37219 45576
23480 8188
43294 46714
20195 28596
28743 10716
59 19780
46109 39144
10886 40508
9975 14908
42362 65614
66814 32856
9414 19424
6589 3336
26239 29968
55016 57698
11701 17554
34527 14068
16528 37416
6594 36948
36253 22416
23820 8462
54546 74756
58467 2760
28828 35640
21195 40076
11330 32118
16915 46014
63085 29752
20529 18410
40471 48716
22052 1320
2879 66432
25884 5050
49834 49300
25998 70308
31701 42900
54701 38394
74285 17736
55818 27168
4932 43182
1972 16738
33814 43794
10540 42496
36495 47874
74821 3890
71151 66880
44086 65794
52649 26786
31838 45592
22433 25680
46654 32940
22482 65504
36909 48400
22368 31552
36258 65706
20290 5858
1967 48454
66094 63490
67024 17476
43761 14818
48818 2508
59243 32136
50920 57610
53140 48518
11992 1802
28983 23540
12248 54488
57791 32034
31751 26220
26845 25282
11546 18292
47490 50236
17356 72064
33039 24488
69529 70962
12263 23004
37395 4906
60821 63408
58037 28008
69209 45564
68833 22576
49733 54776
24370 65252
18111 20166
36689 2106
50059 63480
61717 38012
32579 45982
39848 32966
55141 32820
40681 45724
62414 63200
10339 59760
7605 22546
71998 18432
62389 43790
13969 56386
50926 1358
45537 43974
47111 34214
55078 6450
25222 69508
50535 23718
23764 62034
8082 67748
2322 49070
16769 53472
61052 28872
3123 52030
48693 54274
33344 38092
36995 66362
41771 34820
22007 26878
39704 7574
14580 64526
6123 3534
60449 23596
71686 59522
58251 60264
60264 60094
69243 53732
37800 19340
52923 24274
62293 1130
48633 13790
40935 73728
40539 15110
47651 62130
71676 2398
35787 53866
14005 70554
60396 29694
33590 74218
7765 23526
54382 35050
2163 63348
60104 71400
5743 22772
74672 73288
7039 22718
2623 61604
52278 28868
17209 43616
2652 44898
59513 32378
25067 61636
6334 23226
73970 22704
57191 63298
29217 5786
36389 44726
55789 56326
34521 71660
27004 2106
30405 71200
52574 72992
31331 3796
13058 812
18948 45556
44321 48100
35126 13680
38301 13002
73945 20922
74602 51788
3173 22534
28973 69882
12323 40310
28337 63110
25879 65194
22383 72428
27621 43752
19929 41790
56153 36690
42819 16416
68878 12266
4201 22472
9047 14414
73791 20452
47921 33426
304 73432
19178 8948
32798 19402
25972 57712
9362 21738
28072 10680
40334 28184
70080 61866
56420 41090
55667 65582
25979 68800
3799 51268
11320 14994
43810 61858
29424 11400
25016 26570
37140 52680
47981 67270
15562 35496
20080 37042
43014 44414
5863 61984
2048 42884
39778 18736
44 19154
39113 4412
10455 45184
16640 34118
1330 9290
2677 16656
46684 53300
65498 27138
67035 18368
21666 69838
21861 45080
37686 54280
700 1704
47620 7026
36053 17278
30184 15340
74876 6218
59238 14788
47882 12540
17955 10708
45307 25832
34576 56280
55964 6094
45798 38028
53140 22160
47635 47470
35036 4986
27415 27112
3329 10254
52799 67938
2273 60158
12588 44088
61376 456
66605 34948
38182 15370
62313 28230
60439 17480
23775 24708
45573 70578
40560 36906
32372 62128
62403 41130
31786 36120
58907 12098
17922 22994
34101 20230
48067 6304
4792 46716
40389 5596
50104 27546
44776 60184
4906 62016
70210 48860
43535 51796
22663 67418
12609 39702
55001 51802
37912 36774
2473 39108
10300 3702
12213 53892
50014 73624
26705 8662
57435 41434
24150 49696
44827 74004
59885 12386
44210 22454
3594 46324
56023 11578
2869 45006
40605 66906
30254 63106
59764 24746
10500 16406
28718 7864
41792 27868
58292 30932
32774 57792
63219 30984
25607 46574
44095 41136
71988 25754
55388 28060
25807 36724
4220 49696
64922 68976
27246 72562
5062 15514
43089 18304
53250 68388
71648 74546
18306 31240
41756 52758
71221 51122
7476 59376
73961 30232
22458 74374
229 15604
16178 19278
18231 65484
11190 33532
6724 45330
55623 32298
40329 1164
8182 33592
51311 16910
2783 53200
4366 34584
52634 45386
24080 29124
71471 49284
34165 61756
57766 2680
6934 66740
36108 51236
4717 25578
24345 59610
755 38636
37630 39086
60476 9126
20710 71458
19032 6500
23920 52040
58116 32806
72998 36872
63100 74704
45698 23796
17359 38516
52217 22728
19718 27006
32789 29530
13144 43292
26524 21112
3224 40014
1411 54642
50015 30112
47471 64974
39038 16296
68156 32502
39559 26366
14851 39976
66976 51990
37620 4802
62343 65752
23534 68454
58092 67826
41532 35088
4646 10534
49253 44618
43796 8350
2767 53660
14891 22428
8727 70486
47421 10226
51992 46672
13860 21872
34837 32134
67957 14626
71681 17250
53614 8568
34812 25952
54827 34476
74422 27502
29248 27082
10064 2388
8918 18630
14480 10888
37095 59150
28858 10158
63674 17340
2999 36566
62437 65440
30535 15198
31857 19228
50561 59354
42173 56070
34737 41502
31275 32410
16600 38582
49925 71464
25012 10094
13509 35684
27044 51214
44315 31112
32557 11356
46450 35706
51738 16418
58207 56494
30174 67322
4576 15260
62513 72990
72689 4388
15917 67962
27631 69694
39183 28278
43625 17638
17510 12518
31135 28816
12492 26852
57275 55544
10609 58752
6723 67866
15402 61414
4331 16144
25807 28112
35317 66784
29773 11510
42988 54330
25242 3182
58593 35976
52048 4724
65207 38122
44936 36502
40530 45220
55792 40266
17314 33480
53784 1584
71813 45918
45973 30802
70059 29292
43464 43988
27165 20336
60565 16366
26930 39170
54571 67598
21126 49882
70962 71054
25587 63796
40314 7408
18551 27692
60355 50146
30410 6166
2282 68068
41591 54768
45173 53764
62989 15622
4711 8552
39659 15332
71196 42770
3865 14322
10154 58964
22227 15516
9818 2494
66328 73810
68768 20344
31051 22360
45427 34920
33113 74384
34717 32882
45218 30956
7354 13846
11006 30774
31502 57316
52643 54088
31115 71430
39549 21320
48477 36972
40800 13730
60820 26836
30449 44700
65888 30728
61908 16174
73866 52494
73449 23862
65458 36914
47917 30126
4045 5382
18041 376
49834 5066
69569 71480
31201 36636
60560 73548
123 25990
45792 30992
72554 71002
66534 12538
31491 33572
33745 37266
19513 37936
31881 74454
67921 21966
23809 2022
45839 40832
57757 24222
34806 13114
7149 64502
30209 22568
74702 72904
42999 63286
19813 12774
4676 50702
29388 64420
72424 59570
22739 30556
34520 28230
29879 56042
46184 47356
40776 34926
49950 7064
9307 73596
6889 63370
15747 53148
63656 65736
449 6264
13569 8228
23694 26406
20235 23274
74616 9096
39369 19410
28272 34376
9384 59162
39790 46090
47832 38220
71050 49320
41762 68234
8391 29482
21981 47530
34221 46114
24575 14658
12407 33168
19253 37012
41886 56006
20210 47612
69224 67004
43604 71198
63389 5348
20175 52192
29909 68470
7906 55736
46328 5366
26333 60590
27911 58656
31931 15770
66390 19862
28247 41768
51196 9368
61142 43318
72503 25012
27010 17306
25587 17632
30700 44052
69935 17446
36739 68906
68197 62512
70330 74780
31141 3266
38658 15740
51842 15594
37275 63618
52953 4804
56999 59594
53384 63640
25918 2886
36864 11172
16198 55260
47666 40640
46213 10252
57616 71446
5281 48052
55052 12812
29920 36750
23585 51592
9578 26244
65287 64504
64031 4086
23605 20054
7239 9164
56655 13962
4381 14730
15022 13278
29739 7448
5021 2136
40145 47968
54981 34028
59859 6354
61726 56946
27986 59706
30239 71448
68562 32126
64422 67308
42248 43434
65542 18538
31101 8340
6048 812
40795 11230
10235 68300
52392 57780
10084 14308
62483 68736
16064 23538
71011 19986
15943 37120
27286 21658
63265 40642
1461 14678
40956 58592
17500 18972
671 70784
17199 63412
21186 34656
5637 2570
39424 45408
50870 45578
26164 24126
2687 26690
45758 55426
27390 19846
55769 23438
20410 42526
60930 40314
16678 6130
73004 12340
4365 4412
69730 60744
57540 18370
59309 38664
34330 21848
43130 27228
29488 60414
12518 2890
5633 45710
30200 71694
40529 538
40616 52096
60860 26120
42417 10498
74636 3560
14640 33986
56163 56668
26314 64890
56979 56642
18577 68958
8412 31632
40115 30198
35758 8374
22889 53350
24590 73278
11566 20320
43719 58582
55778 12598
8046 72940
38292 44036
3634 4350
35863 6102
42067 47494
53624 51040
38486 9808
28212 17944
67737 52610
62804 73728
8688 4830
23555 39622
4416 25808
37615 38798
71376 30592
37841 65970
67872 40432
69164 11988
72963 65332
67506 43070
26458 22896
62112 63400
66363 50388
61683 26862
21491 39196
58747 68574
69959 56586
1812 74906
54512 30674
9573 8886
61222 40390
8967 60938
27396 54896
22784 14642
57425 62606
56655 60100
44586 36022
27191 44782
26670 34260
23434 25262
29499 30868
2417 3382
33479 5142
15822 33518
43654 66798
61903 30304
63499 63518
69229 16138
27215 1080
10195 42130
5988 32082
27892 67394
15427 73746
72233 38326
52698 9908
60781 52958
59979 10594
73139 59318
30540 32938
58452 62798
31476 24390
22754 68676
27405 60050
17876 59218
20464 72048
70825 52350
70610 26998
11692 34330
56895 65180
44961 29496
55243 52814
11721 45444
52433 43652
22473 6218
18957 48238
43184 12056
41021 22802
36925 16178
12793 69538
40235 64922
14145 18498
34876 4670
15378 46914
39658 51972
22659 31510
11210 44938
27371 39202
30591 14774
59608 27184
46710 32694
4922 64226
46274 74288
61021 51460
19684 19656
51110 4440
22674 9996
35562 60796
30345 14270
73049 11018
7945 13714
36514 40776
45298 26584
23785 36400
32147 50720
32067 14058
45772 65864
17104 14966
71638 66538
51077 35018
49383 59408
62399 40232
3975 9896
21230 26418
33931 14010
23951 12578
33410 26578
51783 18324
69830 50992
58972 61062
37856 59654
38798 40344
18522 43078
6333 63836
48987 6960
9117 18400
54941 26762
7205 44510
39173 2092
23189 34132
30816 43086
30354 46058
3689 56308
31731 24040
16309 70294
54040 18270
49593 28670
24435 34874
16559 2014
16069 46306
2933 43656
59369 25476
51993 21088
41386 61704
24235 33066
52123 54598
14665 3594
35348 5772
54470 67536
24155 53038
44295 4388
27907 28150
15748 19920
3019 21308
35407 40058
60951 5974
13414 63656
54356 23856
39172 57042
70540 26174
24532 19538
14667 7630
62959 28360
55798 49052
22482 3754
11876 31154
32519 15168
48903 52784
26765 30698
3298 70160
4155 17292
59339 69828
36730 74174
52584 26502
49494 8174
28337 8150
7610 15436
15979 2816
16188 15660
40675 74826
40074 61794
31997 52718
57104 65184
901 11842
34325 8962
43744 74044
70004 37046
35483 69744
16634 72800
66023 21066
23640 12468
44380 42710
57671 9830
42043 64944
38537 71812
36760 30206
25914 72456
11977 42672
8982 52300
43390 13344
1597 40128
26555 58612
19228 40264
56830 59652
66283 2030
12954 1090
61025 62546
73760 1130
14571 31642
57792 15460
57615 30374
52068 30720
49219 54726
69718 8018
63205 63896
69439 42472
30074 41390
28832 15694
15994 62804
14035 41306
290 15234
69559 67712
55153 42376
32387 55914
24146 968
58406 30848
19874 71516
72838 47778
35678 71604
2814 40822
28718 41990
13449 73196
13163 29190
49112 34952
67991 20604
69019 25276
73129 65358
3534 52228
28632 63652
29619 33476
18136 27592
20294 71482
14545 36242
62083 37666
66709 74604
73074 65014
17856 43198
16114 7626
1 3086
41261 63354
57095 21872
26825 30604
38146 48752
5852 70310
33273 16286
60715 50192
11372 8106
27930 29960
70019 7552
65086 38558
10049 25300
17550 48624
4916 16984
11086 33578
26759 66140
67625 58014
7961 30956
63750 21496
23990 35932
8421 69494
44507 19418
29835 31692
12353 45470
56974 46548
62974 58650
64416 18270
23875 19720
43104 17802
34336 64118
65257 42254
11571 28798
25258 66618
20565 15176
9573 42794
5422 12872
53494 28648
28843 45324
11587 21294
41066 54988
56855 41146
25092 45214
46679 55046
52683 38150
30695 44050
17281 69346
68727 63480
7991 66
50675 42382
66790 56450
35077 11088
43194 47520
12437 38492
38471 70754
62533 69286
48473 73650
7249 28482
71456 52150
68613 29374
48727 72438
56905 20970
30 22248
17901 42454
549 36860
57171 60294
23699 16416
54155 1276
54115 22922
12032 65484
74271 3266
52498 60996
61167 14192
22212 71640
21195 55710
54832 78
45072 26886
3809 9156
50605 58
20254 73012
64946 16608
47666 14438
25212 22648
29077 53104
31040 52682
2994 39600
45203 43298
43925 41562
37131 73640
16113 16092
74646 1164
66505 27538
70731 53378
42463 15696
12677 49278
16829 23038
48077 7928
9624 9858
35096 55856
33183 56786
47635 27292
46383 68980
8601 73402
67536 57678
9979 23842
33971 60846
52779 13534
44487 8332
19269 25452
59373 37796
38072 55276
56424 10666
17124 7320
33809 4648
41141 30562
36489 41160
38803 29592
37967 59924
55767 36996
40369 43214
26263 31060
4531 10768
14566 44034
55828 65348
74691 65730
5272 974
46805 38046
4415 36950
71062 52638
45693 16524
24080 38036
41848 62062
74871 32438
38057 7802
41427 48832
6072 70664
63510 22922
47396 55460
27877 51356
56174 13594
73025 57950
10976 41364
47887 2028
69047 52270
54160 3750
65553 71846
48462 36954
25157 28550
33205 17244
23220 32760
33239 27322
41130 16268
15097 27556
35949 17076
71977 56310
45403 31456
51731 48750
26469 33864
48452 11370
60334 58038
72414 40020
24742 17572
32303 25672
14005 22260
70836 63170
270 35830
57911 5476
50416 53238
15408 46442
24071 37352
5498 64496
53330 33158
10324 42442
42342 71248
71162 7296
41116 28932
61977 41530
34696 55698
51938 32462
58873 16260
66971 58716
19943 52584
57276 33546
39513 21464
49704 2026
34647 44918
40930 67462
21156 12402
3645 27956
33315 3236
56704 52888
45412 19108
55768 46756
36379 71750
27224 30674
46710 43068
41006 53780
37421 12858
49523 40362
67976 73236
34636 65838
61016 50464
47241 3336
73170 44778
17510 5784
58968 72796
34761 26154
5782 40310
7321 8130
70740 19294
51877 20570
42373 63342
30455 47422
25908 51440
66919 73608
16288 67234
42584 41874
67386 43626
25818 57656
64961 42418
59168 51476
23534 7114
36454 32828
42639 21156
22584 49246
18201 456
57540 45096
7395 64738
73545 63032
19935 47546
64936 37108
22938 6270
71723 238
51527 32698
70359 62868
70636 31794
51718 21632
13194 64944
16524 33282
17641 68600
68742 18356
4240 35566
64852 13102
26189 61910
59795 68906
8947 51640
9394 59408
42993 68738
46438 52044
55131 33116
48346 28166
29898 62464
68808 35956
7800 3528
13113 67280
55632 28188
44370 8290
58366 53238
12477 11688
66169 37364
32588 61926
38536 9702
8892 13568
9744 59998
62383 11878
21021 32252
65263 9684
11340 4412
55683 960
28226 34004
74711 62928
38241 31172
1907 65546
31121 37452
9623 22054
66343 30052
46795 10824
43200 26192
41451 37082
33975 38664
55729 40766
71688 2182
61621 66528
59499 70064
23274 29524
67250 51040
28357 67436
24590 62026
56163 58636
26183 55750
13785 29874
14096 46778
2984 68262
52242 2228
11612 49918
58588 52138
38693 62352
820 67704
10449 72730
17050 54844
68503 10164
73394 69574
69038 16356
47260 20596
53654 38500
48361 32980
55914 62004
2288 5462
34235 30884
24896 31362
42028 1960
48962 1044
34565 58564
25797 38648
17610 56632
3114 8932
64251 28000
45732 39772
39309 42016
29913 56978
56418 43700
72918 62484
28923 36646
17555 48832
65127 20588
5256 40512
44261 43874
42473 33502
7970 43922
28151 28904
52794 51050
29758 9506
36228 42396
33890 3874
61080 42194
14741 62864
52703 46438
40806 34262
49017 24810
28072 13238
5827 57706
26725 72610
9959 32630
14111 1018
55642 43006
74677 23938
10761 53562
7590 23674
34477 37046
32878 24030
70655 9582
4755 67318
46595 20558
1457 53186
21310 25560
24491 58696
12689 51084
67675 6958
14171 3448
65061 45060
841 36818
56103 16358
19508 32266
28026 3076
1271 16970
30330 42384
57074 742
61703 56992
32948 55832
53405 1102
740 9982
51021 9146
7666 69464
26464 66380
45206 46750
55573 71130
27005 53128
54015 10420
66094 58592
925 15538
68592 11518
29002 2808
23455 51018
38011 23098
23284 23426
39434 52650
45548 12782
48132 26464
74035 16370
40911 71046
45658 17156
7850 21742
32703 42174
43670 66998
55603 33166
39124 44258
56203 68362
26139 23082
45542 74582
74776 45996
29423 23312
62509 26288
67857 10990
59284 59248
6474 54174
10075 8118
12307 52246
21272 61464
72233 9474
35752 26600
61798 9422
61678 24514
19694 40508
35558 71376
73681 39306
54340 59268
66178 32960
46213 60306
58011 22818
29378 37968
41387 57138
16413 74216
46054 53548
47555 8774
47455 58292
16994 14110
71702 69208
29389 2012
15368 50982
60385 34064
30856 19398
42133 32006
12914 60930
40014 464
25197 19974
26610 48648
51661 73440
38748 6570
9359 44448
45854 45528
26318 17802
14321 8964
16263 52906
25939 62224
25738 70360
54310 5476
23855 58084
69584 71926
34256 52426
46844 74254
36518 30870
70050 10850
71507 21496
18897 68564
68072 8838
62359 56968
72719 26910
18482 48718
54486 11600
27956 39134
44390 55338
30070 63144
74591 51726
71843 17074
16590 53152
40504 9158
33264 2208
7571 2444
53886 2150
24977 65694
31881 60980
45116 68462
26514 39620
59383 67946
39062 17872
50500 49772
1065 7878
20289 52968
66939 50996
11717 966
66589 20014
48662 59970
24586 30494
24320 30942
27805 20438
73389 12914
10549 42376
70646 20750
43484 50946
67646 46574
66279 59590
8207 65548
41026 8004
47315 3362
33148 72830
58306 48550
74345 4660
44370 51886
28533 44434
62644 30494
43704 56000
21872 52458
40359 64720
16093 38416
55784 59046
14085 60858
614 18722
63359 41246
15757 69380
12042 60256
13950 60716
44552 44912
20706 46360
64907 5540
61277 36354
72242 20142
69323 10944
52904 37034
8161 22180
32147 21594
60840 33928
58507 43108
16979 46176
67150 16542
22929 40452
5807 7890
50065 2328
58708 8348
16764 21920
22783 33390
4682 45520
15017 40512
8557 30704
23475 16040
42122 63594
15923 9042
12953 5136
24871 57170
1997 68074
58212 70878
65703 31518
25843 46190
40860 73354
17830 2334
48938 4750
31311 72998
38407 37750
10060 60026
60921 20578
54071 17820
36113 15658
52389 29808
71586 74518
12442 22944
52323 16514
31646 57744
18837 46804
24712 36174
44436 42658
35322 21490
19082 28938
22557 30858
51337 21546
3400 33484
65728 62784
6113 15710
50404 3456
34596 41080
37865 54310
11256 68286
61601 13110
34245 45674
62654 44204
73816 53732
36919 22712
27491 19526
71922 38272
44527 22922
8713 8382
63946 72492
4760 60052
16328 18634
70750 10966
72248 22788
15166 7084
41596 63978
73714 34114
5748 17072
65258 4440
63725 13878
13278 42776
33524 13858
53225 23308
28538 56402
24150 50914
73870 68462
35833 31384
37296 55426
11291 50580
68007 31336
37840 18240
38136 50548
64245 20540
68567 33820
68922 39684
534 60768
41938 2270
74562 13694
24280 14454
31792 11588
5352 20980
36774 59942
2679 84
49979 60450
19404 4850
50730 35746
71628 7960
30770 41962
4000 67712
27396 65912
39229 26478
15808 54540
34431 49526
29262 68008
72989 9712
5577 33118
4667 45088
67330 39062
49830 27806
19883 9166
11070 41948
22733 44806
1021 30880
28341 57826
26869 16720
9078 51194
9933 9522
46605 66292
1230 16492
13239 60470
52853 45434
11526 65292
2828 40732
23735 23448
43164 32172
22859 49784
1211 15164
13989 17882
26850 52838
5381 67244
50886 35238
48942 64634
38501 21138
73905 11660
26264 58946
74542 29146
53615 18196
15303 53794
69564 3296
31722 35286
71126 47076
23249 74692
67430 25198
41190 55968
45807 63752
55262 42206
57181 46720
4075 61366
28097 38554
58052 15738
36569 14780
8060 70050
10715 35448
2874 9688
42793 69706
38782 6376
1435 340
31597 61342
1736 42910
69002 152
47620 65102
5246 51032
45312 14300
52263 67240
27254 30876
57510 70940
58122 51474
46774 60504
22367 12478
19252 45782
4030 20792
25658 21412
7790 71624
21856 45306
43769 69076
43630 13936
17550 54252
33234 53302
23735 4444
49844 37748
36615 10974
37054 63694
30160 42562
71552 51660
48022 62680
5401 10894
22968 39136
23955 39496
39849 53620
20811 68046
68927 73490
13854 916
16904 52896
52467 31510
58822 30198
56134 13274
31636 33072
1651 5204
50239 17390
9774 48252
32719 26860
7450 57902
38307 62850
28792 56492
53163 57014
8296 2888
36009 28918
15588 2060
43144 53076
32333 13502
26159 56602
3505 16074
24746 7362
71793 33954
6689 44984
54906 59574
15983 28612
45297 48656
61788 59962
1702 24850
11456 30278
15527 32976
41828 63938
27125 20180
24707 48476
40340 35768
3904 57426
28757 74122
8782 30720
26944 42620
5537 9296
74201 39740
38467 27814
24846 52962
28772 74888
21918 70850
28586 54836
37129 12216
50339 45634
15342 14674
35814 40086
45127 43082
14555 41864
7450 48930
67752 19282
2387 8942
11872 63218
42252 23844
66619 5670
55704 36142
43299 59162
56854 63870
10325 48396
43776 36424
34395 33610
58186 5642
6743 27534
64020 61026
13760 74562
2582 35236
56443 3954
21896 73396
72319 59938
62127 66718
4907 8678
47791 50084
54381 26436
55878 6154
65742 61618
29344 32028
39890 15524
45417 55954
44221 22010
70089 57420
22128 60534
60555 20712
1326 62410
70169 9010
2107 8456
48292 4502
53004 16976
42092 47700
19513 38804
65753 54342
41207 23912
47171 45726
32608 20216
59413 63176
71872 61788
15353 18492
2328 23648
29224 25536
63881 34942
30755 20270
9898 32370
26283 67664
47481 44796
48181 40272
49744 46702
39863 49934
54260 59790
31006 57942
7536 8836
10940 41060
58373 18422
26734 42478
62088 30456
17350 26472
47251 10926
52564 26142
4670 39254
275 5016
45196 55782
31376 43220
37987 43250
44942 63744
39840 29688
45248 33804
12397 45866
63590 24598
9287 11048
71042 59478
31207 37354
47360 60986
50199 26146
15081 32158
53720 1804
10180 41876
54702 58844
5682 10196
20349 62750
33625 4036
47590 3414
34707 20500
49199 63194
55777 16634
55328 31794
54876 54958
19254 9468
24682 21268
37905 62794
17034 50992
67867 58292
59424 16258
59780 27826
30891 63096
56960 33604
6924 32328
14290 60836
63033 71108
27615 32388
19363 39750
69189 19196
34340 23028
7705 51964
35552 10296
53045 15766
22437 3602
41331 15084
52874 35202
65644 17294
50521 30034
47742 62464
9048 47478
16909 20500
23404 46630
31592 32604
18632 9462
23229 9536
5742 3150
58537 62496
189 20978
53730 23034
54351 3380
62093 46094
5017 37440
3303 7036
48697 21998
50936 48470
50205 57270
63806 10684
53639 64154
57922 34344
26354 54828
37456 61924
19257 19490
1916 15106
21070 36512
19919 23648
16248 36796
51296 30038
56535 4474
45188 25110
73771 45492
58763 43570
29199 59778
9037 32658
61292 38678
42142 25352
38191 70442
12602 30540
17696 25684
61441 63588
27610 27382
2022 51400
15718 16786
23844 49418
1592 15466
44051 47484
34201 5540
61567 53208
35587 49124
32943 8658
38777 4218
3605 20284
39839 65582
15903 56858
57115 71698
4561 7142
50349 4088
61522 55540
35582 67246
74727 27104
63534 39508
29093 46010
52508 46072
63355 27906
67827 39168
73384 20816
53095 52910
24345 60
34706 72268
23400 8262
9838 60548
51536 43716
23133 52102
31096 68794
49835 57752
72304 44532
54631 72690
25463 40810
63751 35762
61492 17262
64891 24390
17635 30014
32803 56524
65763 36258
12919 52162
22207 60366
26810 31292
66879 54874
2688 42116
57481 47858
50494 53068
41803 68726
49509 63182
59023 2670
41316 58156
67006 54162
29668 9244
40511 53666
55963 58078
68943 43828
63865 24874
17556 54046
59289 30130
58297 19754
68632 52950
55293 7462
14535 61698
6990 9034
20920 38632
18737 122
4791 8980
14130 50070
72387 74658
25948 58598
65923 66768
1892 16862
44076 51282
5032 60736
37897 36988
36800 52120
65863 57516
29904 51570
23684 37138
10059 64680
54966 47928
24216 48106
20586 3338
1011 35304
55297 4946
21071 69670
65078 1576
42649 68556
47370 70928
61446 40384
1736 50450
21881 31186
12007 47306
64597 45512
65563 37632
13509 35074
62407 68098
36003 72764
25577 63116
43821 41902
13375 45406
68538 24446
5972 53092
11226 13904
9628 48850
55108 1208
40875 12590
43796 29938
47570 61996
16749 37046
3440 10024
63240 47712
62173 25496
39389 64030
31227 40812
19244 41222
37640 6152
67064 71114
55627 44458
27710 13010
49404 62016
60940 46168
64136 48152
53726 50918
71708 69402
54897 47282
48942 5906
53439 21076
39193 71284
71676 57104
60391 22322
37201 33036
43149 19712
6950 69752
34857 44982
70835 67848
21732 39114
41001 53860
5823 17640
3670 64434
74342 34640
43439 8532
20335 20360
42207 60410
28638 50246
62068 12658
50315 27268
51135 62554
40489 63324
11641 26158
24657 54944
47720 9588
58092 70144
7496 59772
5808 36142
12026 40762
22167 26244
18042 72244
53579 31920
14165 16724
26498 19206
59653 59522
43825 17510
41827 29624
34011 67808
73279 45378
10053 19616
19038 2994
23129 40434
67116 53060
24581 16906
52939 32574
9938 64828
69699 28340
49604 62970
24075 69114
2637 72000
60449 3210
57516 13028
42794 27866
45363 34700
39648 52970
22273 1786
46900 74728
59384 26072
22828 5996
56609 37168
13399 54300
20591 60936
16344 63910
4145 69620
70209 37826
42754 38302
71132 60674
68492 63632
26298 29478
3229 42260
64512 51052
37099 47444
49164 52108
42563 51314
68442 63516
65363 35976
29173 57186
62854 60982
42719 55496
52082 67602
4721 9042
40631 74456
9048 3660
28041 71024
55047 60608
27461 6198
62469 10838
31847 62890
26674 8704
49900 73970
20576 18794
54506 71146
74370 17888
54356 39520
44967 52054
54105 2118
42533 26696
16660 65634
27785 58068
72714 38650
34856 2042
45994 57268
49233 55020
72008 73192
60775 8290
34585 57662
71151 60920
3750 69316
70339 43432
25246 71518
70195 39184
74607 64536
47585 62776
24070 48400
2277 7346
9844 67788
30274 22940
43220 67820
41646 15176
47421 47158
14676 44196
13725 29968
54166 31478
71025 15244
3390 55770
57365 37192
24882 74790
55077 74520
37371 68302
27891 49608
14485 32360
70456 15410
34235 11534
26423 44572
52498 11430
43133 45670
44616 13866
26489 12762
22042 43574
20900 39400
12557 6770
28827 602
32894 47302
1231 24484
12383 22708
10865 11484
21282 13192
59684 7092
48156 44070
66389 72218
30319 70852
45322 25126
20825 28200
19082 33980
35373 19654
30861 68912
36558 16630
25904 28866
14361 20568
14005 65322
1901 59738
17371 23390
34867 61734
68328 28720
71992 6212
41572 33440
6730 29852
68548 67952
46770 20284
45879 55112
10395 56330
9384 11356
72027 6454
22634 12532
35197 69998
28628 56900
35608 64410
44527 61864
13954 18792
72364 12674
39263 12852
16829 38732
7020 71280
18142 72916
64260 1094
57101 21022
19488 70726
68648 38656
59108 28968
31487 48774
12608 46388
5396 61282
64527 64786
57730 55524
3248 9462
8692 7348
41808 5074
28611 39042
64651 30480
74741 47884
39127 60998
41401 34882
61242 19818
61767 51736
8086 15476
44607 15730
29474 67800
44165 53322
43399 59448
14276 34904
34907 67038
21230 7630
9808 67006
16675 12316
12664 68050
18576 67260
6929 30372
39124 54588
64807 57186
32298 53264
15962 55848
2112 37876
14787 67394
43239 71408
20726 48448
23469 33596
1911 61098
59804 14298
52483 27040
12993 12974
25838 56478
33265 3608
11707 42236
42939 35336
40559 21356
67305 43380
33619 18172
52278 21904
48503 63308
21627 44030
29458 40568
41856 69724
38662 38140
39514 9830
38747 17714
41851 44762
19153 50680
37766 10864
15942 10832
29334 35740
5182 47912
70120 26612
10063 36472
6393 67112
1662 20088
43710 39632
56830 74506
64001 54346
38531 51718
930 25060
6193 24702
5356 2858
39698 12518
17129 11332
9453 1708
589 28284
50576 21036
57320 57096
62979 59698
17164 46846
42789 12794
69820 37946
73075 51860
32027 35642
66158 5940
23779 21544
60690 36650
6728 26932
6159 4354
56804 39168
36660 14224
17721 63428
46880 37036
21531 8314
64981 41274
53876 8282
49945 13418
18933 32856
56909 63994
34972 52082
33745 12784
1776 23464
25413 8468
32603 1254
47149 23692
69489 42476
10575 74652
22468 26328
28457 28504
69039 9678
2749 52226
48498 30100
46975 19534
8963 29894
11071 58162
24570 29312
9223 44452
23844 18176
8072 49376
40796 20632
18637 66924
68282 7796
2944 39962
180 69664
25618 60984
36705 33886
60355 13712
56294 2988
68797 14836
43415 41734
65954 11534
24552 7662
61651 74788
74857 54160
68382 46812
27139 23332
61437 37138
50410 23412
73691 31558
52042 71940
74567 36304
41876 38340
69854 2702
29204 29924
8251 4344
21330 64252
71122 69610
70766 74144
51587 45230
23415 34448
31762 41022
41021 18336
32944 41286
45212 15480
1496 49422
33124 50284
64250 28956
28112 37060
11260 28476
16563 67108
58562 54116
42552 24296
29278 67170
36358 37682
54696 48694
3479 31818
34686 42772
12552 53140
11255 19600
60976 72642
23445 3408
49042 60338
54882 21630
31913 37188
24771 53810
66650 58026
39493 67746
15733 56670
21761 7324
60560 52052
13475 38320
54906 54276
64195 54534
70470 49398
15802 61036
56554 33726
59950 53534
34215 5208
12168 58054
69143 47594
23954 57220
18422 14376
9949 33806
32923 894
63475 71432
10589 14128
10610 69250
31541 5344
40895 60566
4660 35186
66730 38354
49845 6164
55031 27912
35582 38250
67902 19492
54932 24800
11372 21696
57435 18572
16288 13172
17565 17572
17611 38286
41918 42838
71987 62358
37465 30454
38531 69284
33154 37132
25116 37942
8897 45384
33209 70066
68361 44652
60099 23524
4395 3476
47089 68766
47797 6250
56148 52840
11527 12988
50750 58482
27645 16888
4631 50534
15817 67440
59648 35684
25186 73656
3404 19180
36138 59864
15263 15554
44446 19780
57836 33778
68477 8410
5978 43286
35874 37650
48197 58528
2061 53408
43464 36894
57936 48554
55843 38518
15316 62780
35176 50546
58563 41842
26158 39194
39489 55914
20510 43542
56539 27212
54120 2
53780 47592
35222 3568
31546 40254
51707 11012
51006 38464
26149 21440
20680 35332
42984 56632
53685 46514
59544 74810
13580 22618
64457 25098
50476 4520
12192 74706
20965 7688
44951 30338
35582 74254
1175 54864
34727 61892
2312 11502
10154 58720
32504 64262
10059 668
73855 46400
39003 33386
62208 61122
52158 20796
50 41464
56369 50920
28457 70904
55162 10874
42167 9816
63345 47268
113 1470
52683 19138
56348 48220
12198 39608
19848 73642
73409 68672
47756 49846
54 7072
4727 6064
62753 31478
33926 61062
28567 46320
35838 73386
74706 48530
50239 21572
61762 10570
61877 74720
11526 26586
71607 5068
3404 24076
47756 40008
14851 18616
11221 42634
9544 37814
48332 23820
67061 1846
60035 4572
43634 3410
4586 13246
56810 11080
13108 22986
16438 66216
59830 11438
24806 52052
66375 26048
45978 36772
3785 55618
45933 69570
21857 37526
23905 60170
11767 5290
39102 70186
63083 43010
74085 64914
61406 16852
6344 39198
20499 67932
23323 20978
23789 5184
17886 23944
51571 6764
26059 71526
13909 6720
50125 28108
58301 26144
50536 65566
73229 33894
12048 25690
39264 59282
66204 6358
37049 14232
46293 15154
23374 53328
72453 4214
2829 27736
27199 47504
68042 15234
9869 67160
69794 38238
18652 71192
40525 65404
60245 52570
58483 9480
39268 22430
33053 7096
66675 74188
70421 26072
61607 30504
48326 40494
37590 1086
28608 17136
2844 68428
56945 32180
39679 9350
6213 5656
1061 31196
33870 32734
64862 29896
72649 19910
13294 64946
50980 49532
26213 66726
65302 40824
24686 30026
55203 38410
68217 8404
73394 69992
62053 72178
55788 59650
51431 42252
41427 52832
2953 67164
35067 33460
44806 26168
28196 10688
7466 3740
16875 60058
16238 69674
29593 73852
44485 20952
7466 42176
52472 38632
53380 10152
4340 30250
29739 46100
16909 68470
17230 46952
71676 38522
46740 28876
22968 37690
47625 6460
56358 55696
1802 26912
63499 24538
34291 10680
48402 47276
16640 69720
74531 46472
12413 15086
41826 67034
24777 37732
31502 33206
19013 26192
2868 56698
2488 53832
70926 43968
50426 25080
28527 51896
23340 58516
29038 71016
3860 60662
66410 33158
58387 14716
32143 70188
13183 5276
60004 34246
7911 66868
71010 14700
45427 13518
9539 6918
61792 44616
60986 71362
10690 25224
47841 14526
13053 62868
18953 26578
22948 43352
29923 41382
36444 5652
10185 6852
57125 1532
55437 72062
40636 40074
26039 58872
39048 22100
33099 63118
20616 73222
74337 5040
6629 41956
57026 61930
69009 55476
48553 69490
40030 66678
68983 62872
5097 56776
72483 74620
53754 9454
66435 57998
16884 25314
21476 8300
15493 31372
1677 61406
45047 43672
72579 51254
34480 30132
31230 17340
54460 26702
18738 30254
64812 22544
44517 36376
24525 48068
19033 14076
11526 58800
13894 18208
11801 49728
33906 12376
60520 36508
20895 19230
9673 43918
66414 7844
24460 73226
19463 63110
11387 65906
24166 4064
40980 68790
10485 53536
16559 1222
66063 22454
11938 11278
42408 4342
16383 50156
57936 5884
67236 62598
23313 14740
32989 60346
35548 64396
59925 23166
6484 46770
34817 23814
45086 2816
10746 24090
72539 40690
43219 58116
21315 15974
54927 15718
4251 23134
22754 10206
64637 58148
48322 27330
57741 14764
61162 30006
64852 20610
72518 72734
23564 70606
11691 33940
51056 21608
65743 62242
64316 40362
38122 25890
37575 1428
14617 54402
36223 44664
28516 66466
68172 15122
48562 4204
50810 62604
64692 24402
70175 46652
4645 17652
10460 72852
64777 30876
21576 72694
30450 46074
30926 10448
70309 58124
13329 70672
57747 24898
13884 29302
53119 26200
48808 8638
27865 31482
67571 24992
11892 28994
2793 32926
40029 58148
9504 72722
9389 4244
5553 65346
8701 2738
35191 9258
10680 68262
27561 61242
55102 56756
5412 39334
16323 19172
20374 25080
38036 2064
50896 11994
26804 40804
7740 1622
42819 62294
34622 35752
46504 48672
2043 29106
66695 61216
56914 58698
20160 5344
61421 55338
40966 22538
46849 60930
19102 24198
57611 34034
40825 2622
65087 71736
19789 51236
49218 56990
48743 53974
62839 5454
8817 4382
55889 10672
10435 66558
25322 67600
36048 15014
62163 67634
44431 59240
66148 4144
5227 27150
35573 9474
26770 36616
71122 64352
41812 35060
51938 12252
13834 60044
52719 11374
29408 46864
35867 3236
57797 50576
70755 34194
11896 43744
15368 19586
33334 7158
32594 30782
72333 42486
28252 59914
44325 48328
39374
83184 9316
65100 62591
65065 28498
23860 23761
77010 38950
22265 14040
55100 19590
14565 13499
61635 23159
20070 82898
6715 56014
70405 20583
34525 82457
49070 15719
33325 56500
15570 46343
81170 28037
76965 46258
71855 72576
24865 33189
26710 37054
18785 52636
12840 30778
10030 46098
80365 76713
50430 60245
22795 78512
71130 43401
68845 43286
2990 1213
25640 21173
63780 78287
81625 80181
22700 3493
49550 82247
56535 43412
71950 54038
7175 60756
2735 64697
61585 77279
65235 59794
32615 46615
48945 49362
76020 38238
78060 59107
61375 40844
63755 28232
10005 44891
53795 78431
56550 54480
47625 28422
54140 3277
7315 41893
77460 82232
54760 48609
28885 30704
42320 55733
65655 75007
15755 76422
415 33340
35540 22488
2635 57217
44855 1046
2430 8782
33070 55201
55960 57592
82955 68465
62025 73834
51140 76718
71290 26729
65240 19645
70235 1167
38890 63051
14325 64044
845 3608
41300 59804
54840 33290
78520 43432
65215 57949
29850 82242
38600 66816
605 76798
24030 59417
31325 64530
76525 77474
15730 11419
77530 8627
20085 60777
69720 6316
49325 34969
35115 38082
15570 63703
1155 79129
28545 59262
49090 10351
65880 66587
60035 37987
41455 1263
31990 52850
60620 837
27260 14902
7905 15485
73530 64115
11535 6636
22780 70360
13540 20382
1080 73915
1875 13318
39175 60466
26765 41592
64450 60777
9405 25962
14980 75194
36105 21701
12770 47657
38515 68502
39380 24488
32240 73926
67860 15620
9825 27175
60855 29500
18455 42538
80965 78232
31085 49973
22365 25495
3035 29927
13445 375
12530 3738
30720 33737
47455 13610
19335 62380
55390 31686
41630 5217
77470 30347
52485 12917
33035 74110
53555 76175
48120 37185
35420 50575
73460 27651
69675 61422
82140 4712
15180 7152
18430 3589
55675 70251
4770 77019
12070 62882
47455 19921
6065 25509
13000 34158
51045 27369
10825 83073
21050 77405
46080 14822
28310 44605
24100 71664
79075 49166
29740 42845
30000 46233
64190 80321
35715 56155
50725 75670
11890 2550
56250 3042
24175 41105
14160 2304
26770 49988
19255 625
77835 81545
34045 37942
17040 39602
11435 69132
71285 44814
14910 70467
51400 59844
71095 55226
53580 82929
23200 23163
44005 29736
2725 28408
69975 48669
35715 38403
34115 25274
45965 42745
45660 48318
62715 15936
50240 15560
78790 52771
54530 720
280 28898
7675 22628
9955 14336
23090 31510
70360 27640
69900 69053
55895 45586
50225 15805
64735 54245
4260 81835
31245 20416
79780 72412
69045 14220
4520 1914
42080 61970
38230 59507
73915 9750
40330 18663
53785 22909
78120 45878
26675 7760
13240 62852
35380 5083
39250 76773
10460 19781
49425 5408
34405 65533
46450 13925
64840 52340
38765 41581
2610 55784
68055 16677
65990 68320
18230 81259
54630 72036
3565 63292
28795 25439
56330 39306
5120 74908
11950 1688
56930 42052
82430 25816
53715 17960
82565 17700
35090 60134
67030 5233
645 19298
58510 77776
32735 34909
81525 11909
56795 14813
11815 28332
58985 66943
14660 82618
51200 65734
13915 64751
25315 47562
79940 30011
29720 44640
32275 75264
45835 58160
77160 75294
29100 55758
36905 7187
31990 47100
74090 22156
67180 46094
11710 60746
48630 67122
41800 64109
59675 6170
74925 11559
60760 777